group_id,group_id_comment,group_unit_id_01,group_unit_id_02,group_unit_id_03,group_unit_id_04,group_unit_id_05
"20001","初音＆栞","101201001","103801001","0","0","0"
"20002","静流＆璃乃","101101001","104901001","0","0","0"
"20003","咲恋＆铃莓","102801001","102501001","0","0","0"
"20004","依里＆茜里","100601001","102201001","0","0","0"
"20005","佩可莉姆＆可可萝","105801001","105901001","0","0","0"
"20006","佩可莉姆＆凯露","105801001","106001001","0","0","0"
"20007","可可萝＆凯露","105901001","106001001","0","0","0"
"20008","日和莉＆优衣","100101001","100201001","0","0","0"
"20009","日和莉＆怜","100101001","100301001","0","0","0"
"20010","优衣＆怜","100201001","100301001","0","0","0"
"20013","望＆千歌","102901001","104201001","0","0","0"
"20014","望＆纺希","102901001","105401001","0","0","0"
"20015","千歌＆纺希","104201001","105401001","0","0","0"
"20016","美美＆未奏希","102001001","100401001","0","0","0"
"20017","美美＆镜华","102001001","103601001","0","0","0"
"20018","未奏希＆镜华","100401001","103601001","0","0","0"
"20019","美里＆初音","101501001","101201001","0","0","0"
"20020","美里＆碧","101501001","104001001","0","0","0"
"20021","初音＆碧","101201001","104001001","0","0","0"
"20022","伊莉亚＆依里","104401001","102201001","0","0","0"
"20023","伊莉亚＆茜里","104401001","100601001","0","0","0"
"20024","伊莉亚＆忍","104401001","103101001","0","0","0"
"20025","伊莉亚＆宫子","104401001","100701001","0","0","0"
"20026","依里＆忍","102201001","103101001","0","0","0"
"20027","依里＆宫子","102201001","100701001","0","0","0"
"20028","茜里＆忍","100601001","103101001","0","0","0"
"20029","茜里＆宫子","100601001","100701001","0","0","0"
"20030","忍＆宫子","103101001","100701001","0","0","0"
"20031","纯＆克莉丝提娜","104701001","107101001","0","0","0"
"20032","纯＆智","104701001","103701001","0","0","0"
"20033","纯＆茉莉","104701001","100501001","0","0","0"
"20034","克莉丝提娜＆智","107101001","103701001","0","0","0"
"20035","克莉丝提娜＆茉莉","107101001","100501001","0","0","0"
"20036","智＆茉莉","103701001","100501001","0","0","0"
"20037","咲恋＆绫音","102801001","102301001","0","0","0"
"20038","咲恋＆胡桃","102801001","102101001","0","0","0"
"20039","铃莓＆绫音","102501001","102301001","0","0","0"
"20040","铃莓＆胡桃","102501001","102101001","0","0","0"
"20041","绫音＆胡桃","102301001","102101001","0","0","0"
"20042","真步＆真琴","101001001","104301001","0","0","0"
"20043","真步＆香澄","101001001","101401001","0","0","0"
"20044","真步＆香织","101001001","101701001","0","0","0"
"20045","真琴＆香澄","104301001","101401001","0","0","0"
"20046","真琴＆香织","104301001","101701001","0","0","0"
"20047","香澄＆香织","101401001","101701001","0","0","0"
"20048","真阳＆莉玛","103301001","105201001","0","0","0"
"20049","真阳＆栞","103301001","103801001","0","0","0"
"20050","真阳＆铃","103301001","102601001","0","0","0"
"20051","莉玛＆栞","105201001","103801001","0","0","0"
"20052","莉玛＆铃","105201001","102601001","0","0","0"
"20053","栞＆铃","103801001","102601001","0","0","0"
"20054","秋乃＆美冬","103201001","104801001","0","0","0"
"20055","秋乃＆由加莉","103201001","103401001","0","0","0"
"20056","秋乃＆珠希","103201001","104601001","0","0","0"
"20057","美冬＆由加莉","104801001","103401001","0","0","0"
"20058","美冬＆珠希","104801001","104601001","0","0","0"
"20059","由加莉＆珠希","103401001","104601001","0","0","0"
"20060","流夏＆深月","105601001","105101001","0","0","0"
"20061","流夏＆惠理子","105601001","102701001","0","0","0"
"20062","流夏＆七七香","105601001","101301001","0","0","0"
"20063","流夏＆杏奈","105601001","100901001","0","0","0"
"20064","深月＆惠理子","105101001","102701001","0","0","0"
"20065","深月＆七七香","105101001","101301001","0","0","0"
"20066","深月＆杏奈","105101001","100901001","0","0","0"
"20067","惠理子＆七七香","102701001","101301001","0","0","0"
"20068","惠理子＆杏奈","102701001","100901001","0","0","0"
"20069","七七香＆杏奈","101301001","100901001","0","0","0"
"20070","伊绪＆美咲","101801001","105001001","0","0","0"
"20071","伊绪＆铃奈","101801001","101601001","0","0","0"
"20072","美咲＆铃奈","105001001","101601001","0","0","0"
"20073","莫妮卡＆雪","105301001","100801001","0","0","0"
"20074","莫妮卡＆妮侬","105301001","103001001","0","0","0"
"20075","莫妮卡＆空花","105301001","104501001","0","0","0"
"20076","莫妮卡＆步美","105301001","105501001","0","0","0"
"20077","雪＆妮侬","100801001","103001001","0","0","0"
"20078","雪＆空花","100801001","104501001","0","0","0"
"20079","雪＆步美","100801001","105501001","0","0","0"
"20080","妮侬＆空花","103001001","104501001","0","0","0"
"20081","妮侬＆步美","103001001","105501001","0","0","0"
"20082","空花＆步美","104501001","105501001","0","0","0"
"20083","咲恋＆秋乃","102801001","103201001","0","0","0"
"20084","怜＆纺希","100301001","105401001","0","0","0"
"20085","真琴＆优衣","100201001","104301001","0","0","0"
"20086","克罗依&千爱瑠","110801001","110901001","0","0","0"
"20087","克罗依&优妮","110801001","111001001","0","0","0"
"20088","千爱瑠&优妮","110901001","111001001","0","0","0"
"20089","安＆露","109201001","109301001","0","0","0"
"20090","安＆古蕾雅","109201001","109401001","0","0","0"
"20091","露＆古蕾雅","109301001","109401001","0","0","0"
"20092","爱蜜莉雅＆雷姆","109901001","109701001","0","0","0"
"20093","爱蜜莉雅＆拉姆","109901001","109801001","0","0","0"
"20094","雷姆＆拉姆","109701001","109801001","0","0","0"
"20095","似似花＆克莉丝提娜","107001001","107101001","0","0","0"
"20096","似似花＆莉玛","107001001","105201001","0","0","0"
"20097","似似花＆矛依未","107001001","106101001","0","0","0"
"20098","矛依未＆克莉丝提娜","106101001","107101001","0","0","0"
"20100","嘉夜&祈梨","106501001","106601001","0","0","0"
"20101","嘉夜＆帆稀","106501001","106701001","0","0","0"
"20102","祈梨＆帆稀","106601001","106701001","0","0","0"
"20103","卯月&未央","112401001","112601001","0","0","0"
"20104","卯月&凛","112401001","112501001","0","0","0"
"20105","未央&凛","112601001","112501001","0","0","0"
"20106","菈比莉斯塔&璃乃","106801001","101101001","0","0","0"
"20107","菈比莉斯塔&静流","106801001","104901001","0","0","0"
"20108","菈比莉斯塔&似似花","106801001","107001001","0","0","0"
"20109","菈比莉斯塔&矛依未","106801001","106101001","0","0","0"
"20110","雪菲&佩可莉姆","106401001","105801001","0","0","0"
"20111","雪菲&可可萝","106401001","105901001","0","0","0"
"20112","雪菲&凯露","106401001","106001001","0","0","0"
"20113","雪菲&伊绪","106401001","101801001","0","0","0"
"20114","初音栞＆碧","180701001","104001001","0","0","0"
"20115","初音栞＆美里","180701001","101501001","0","0","0"
"20116","初音栞＆真阳","180701001","103301001","0","0","0"
"20117","初音栞＆铃","180701001","102601001","0","0","0"
"20118","初音栞＆莉玛","180701001","105201001","0","0","0"
"20119","克蕾琪塔＆佩可莉姆","118001001","105801001","0","0","0"
"20121","帆稀＆雪菲","106701001","106401001","0","0","0"
"20122","帆稀＆菈比莉斯塔","106701001","106801001","0","0","0"
"20123","未奏希美美镜华＆佩可莉姆","180801001","105801001","0","0","0"
"20124","未奏希美美镜华＆可可萝","180801001","105901001","0","0","0"
"20125","未奏希美美镜华＆凯露","180801001","106001001","0","0","0"
"20126","未奏希美美镜华＆雪菲","180801001","106401001","0","0","0"
"20127","未奏希美美镜华＆胡桃","180801001","102101001","0","0","0"
"20128","未奏希美美镜华＆绫音","180801001","102301001","0","0","0"
"20129","秋乃咲恋＆铃莓","180901001","102501001","0","0","0"
"20130","秋乃咲恋＆绫音","180901001","102301001","0","0","0"
"20131","秋乃咲恋＆胡桃","180901001","102101001","0","0","0"
"20132","秋乃咲恋＆纯","180901001","104701001","0","0","0"
"20133","秋乃咲恋＆美冬","180901001","104801001","0","0","0"
"20134","秋乃咲恋＆由加莉","180901001","103401001","0","0","0"
"20135","秋乃咲恋＆珠希","180901001","104601001","0","0","0"
"20136","兰法＆可可萝","118101001","105901001","0","0","0"
"20137","兰法＆千歌","118101001","104201001","0","0","0"
"20138","斑比＆伊莉亚","122301001","104401001","0","0","0"
"20139","涅亚＆兰法","123301001","118101001","0","0","0"
"20140","涅亚＆镜华","123301001","103601001","0","0","0"
"20141","涅亚＆美空","123301001","118201001","0","0","0"
"20142","涅亚＆凯露","123301001","106001001","0","0","0"
"20143","爱梅斯＆可可萝","123001001","105901001","0","0","0"
"20144","爱梅斯＆优衣","123001001","100201001","0","0","0"
"20145","爱梅斯＆怜","123001001","100301001","0","0","0"
"20146","爱梅斯＆日和莉","123001001","100101001","0","0","0"
"20147","爱梅斯＆菈比莉斯塔","123001001","106801001","0","0","0"
"20148","安古蕾雅＆佩可莉姆","181001001","105801001","0","0","0"
"20149","安古蕾雅＆可可萝","181001001","105901001","0","0","0"
"20150","安古蕾雅＆凯露","181001001","106001001","0","0","0"
"20151","安古蕾雅＆露","181001001","109301001","0","0","0"
"20152","霸瞳皇帝＆凯露","106901001","106001001","0","0","0"
"20153","霸瞳皇帝＆菈比莉斯塔","106901001","106801001","0","0","0"
"20154","霸瞳皇帝＆克莉丝","106901001","107101001","0","0","0"
"20155","霸瞳皇帝＆似似花","106901001","107001001","0","0","0"
"20156","美空＆兰法","118201001","118101001","0","0","0"
"20157","美空＆矛依未","118201001","106101001","0","0","0"
"20160","莉莉＆可可萝","125801001","105901001","0","0","0"
"20161","毗伽菈＆姬塔","125601001","105701001","0","0","0"
"20162","毗伽菈＆花凛","125601001","118501001","0","0","0"
"20163","毗伽菈＆流夏","125601001","105601001","0","0","0"
"20164","克萝茜＆莱拉耶尔","126401001","126501001","0","0","0"
"20165","克萝茜&七七香","126401001","101301001","0","0","0"
"20166","克萝茜＆可可萝","126401001","105901001","0","0","0"
"20177","莱拉耶尔&佩可莉姆","126501001","105801001","0","0","0"
"20178","莱拉耶尔&未奏希","126501001","100401001","0","0","0"
"30001","日和莉（用于花凛对话）","118501001","300101001","0","0","0"
"30002","优衣（用于花凛对话）","118501001","300201001","0","0","0"
"30003","怜（用于花凛对话）","118501001","300301001","0","0","0"
"30004","未奏希（用于花凛对话）","118501001","300401001","0","0","0"
"30005","茉莉（用于花凛对话）","118501001","300501001","0","0","0"
"30006","茜里（用于花凛对话）","118501001","300601001","0","0","0"
"30007","宫子（用于花凛对话）","118501001","300701001","0","0","0"
"30008","雪（用于花凛对话）","118501001","300801001","0","0","0"
"30009","杏奈（用于花凛对话）","118501001","300901001","0","0","0"
"30010","真步（用于花凛对话）","118501001","301001001","0","0","0"
"30011","璃乃（用于花凛对话）","118501001","301101001","0","0","0"
"30012","初音（用于花凛对话）","118501001","301201001","0","0","0"
"30013","七七香（用于花凛对话）","118501001","301301001","0","0","0"
"30014","香澄（用于花凛对话）","118501001","301401001","0","0","0"
"30015","美里（用于花凛对话）","118501001","301501001","0","0","0"
"30016","铃奈（用于花凛对话）","118501001","301601001","0","0","0"
"30017","香织（用于花凛对话）","118501001","301701001","0","0","0"
"30018","伊绪（用于花凛对话）","118501001","301801001","0","0","0"
"30019","美美（用于花凛对话）","118501001","302001001","0","0","0"
"30020","胡桃（用于花凛对话）","118501001","302101001","0","0","0"
"30021","依里（用于花凛对话）","118501001","302201001","0","0","0"
"30022","绫音（用于花凛对话）","118501001","302301001","0","0","0"
"30023","铃莓（用于花凛对话）","118501001","302501001","0","0","0"
"30024","铃（用于花凛对话）","118501001","302601001","0","0","0"
"30025","惠理子（用于花凛对话）","118501001","302701001","0","0","0"
"30026","咲恋（用于花凛对话）","118501001","302801001","0","0","0"
"30027","望（用于花凛对话）","118501001","302901001","0","0","0"
"30028","妮侬（用于花凛对话）","118501001","303001001","0","0","0"
"30029","忍（用于花凛对话）","118501001","303101001","0","0","0"
"30030","秋乃（用于花凛对话）","118501001","303201001","0","0","0"
"30031","真阳（用于花凛对话）","118501001","303301001","0","0","0"
"30032","由加莉（用于花凛对话）","118501001","303401001","0","0","0"
"30033","镜华（用于花凛对话）","118501001","303601001","0","0","0"
"30034","智（用于花凛对话）","118501001","303701001","0","0","0"
"30035","栞（用于花凛对话）","118501001","303801001","0","0","0"
"30036","碧（用于花凛对话）","118501001","304001001","0","0","0"
"30037","千歌（用于花凛对话）","118501001","304201001","0","0","0"
"30038","真琴（用于花凛对话）","118501001","304301001","0","0","0"
"30039","伊莉亚（用于花凛对话）","118501001","304401001","0","0","0"
"30040","空花（用于花凛对话）","118501001","304501001","0","0","0"
"30041","珠希（用于花凛对话）","118501001","304601001","0","0","0"
"30042","纯（用于花凛对话）","118501001","304701001","0","0","0"
"30043","美冬（用于花凛对话）","118501001","304801001","0","0","0"
"30044","静流（用于花凛对话）","118501001","304901001","0","0","0"
"30045","美咲（用于花凛对话）","118501001","305001001","0","0","0"
"30046","深月（用于花凛对话）","118501001","305101001","0","0","0"
"30047","莉玛（用于花凛对话）","118501001","305201001","0","0","0"
"30048","莫妮卡（用于花凛对话）","118501001","305301001","0","0","0"
"30049","纺希（用于花凛对话）","118501001","305401001","0","0","0"
"30050","步美（用于花凛对话）","118501001","305501001","0","0","0"
"30051","流夏（用于花凛对话）","118501001","305601001","0","0","0"
"30052","佩可莉姆（用于花凛对话）","118501001","305801001","0","0","0"
"30053","可可萝（用于花凛对话）","118501001","305901001","0","0","0"
"30054","凯露（用于花凛对话）","118501001","306001001","0","0","0"
"30055","雪菲（用于花凛对话）","118501001","306401001","0","0","0"
"30056","嘉夜（用于花凛对话）","118501001","306501001","0","0","0"
"30057","祈梨（用于花凛对话）","118501001","306601001","0","0","0"
"30058","菈比莉斯塔（用于花凛对话）","118501001","306801001","0","0","0"
"30059","克莉丝提娜（用于花凛对话）","118501001","307101001","0","0","0"
"30060","佩可莉姆（夏日）（用于花凛对话）","118501001","307501001","0","0","0"
"30061","可可萝（夏日）（用于花凛对话）","118501001","307601001","0","0","0"
"30062","铃莓（夏日）（用于花凛对话）","118501001","307701001","0","0","0"
"30063","凯露（夏日）（用于花凛对话）","118501001","307801001","0","0","0"
"30064","珠希（夏日）（用于花凛对话）","118501001","307901001","0","0","0"
"30065","美冬（夏日）（用于花凛对话）","118501001","308001001","0","0","0"
"30066","忍（万圣节）（用于花凛对话）","118501001","308101001","0","0","0"
"30067","宫子（万圣节）（用于花凛对话）","118501001","308201001","0","0","0"
"30068","美咲（万圣节）（用于花凛对话）","118501001","308301001","0","0","0"
"30069","千歌（圣诞节）（用于花凛对话）","118501001","308401001","0","0","0"
"30070","胡桃（圣诞节）（用于花凛对话）","118501001","308501001","0","0","0"
"30071","绫音（圣诞节）（用于花凛对话）","118501001","308601001","0","0","0"
"30072","日和莉（新年）（用于花凛对话）","118501001","308701001","0","0","0"
"30073","优衣（新年）（用于花凛对话）","118501001","308801001","0","0","0"
"30074","怜（新年）（用于花凛对话）","118501001","308901001","0","0","0"
"30075","惠理子（情人节）（用于花凛对话）","118501001","309001001","0","0","0"
"30076","静流（情人节）（用于花凛对话）","118501001","309101001","0","0","0"
"30077","空花（大江户）（用于花凛对话）","118501001","309501001","0","0","0"
"30078","妮侬（大江户）（用于花凛对话）","118501001","309601001","0","0","0"
"30079","铃奈（夏日）（用于花凛对话）","118501001","310001001","0","0","0"
"30080","伊绪（夏日）（用于花凛对话）","118501001","310101001","0","0","0"
"30081","咲恋（夏日）（用于花凛对话）","118501001","310301001","0","0","0"
"30082","真琴（夏日）（用于花凛对话）","118501001","310401001","0","0","0"
"30083","香织（夏日）（用于花凛对话）","118501001","310501001","0","0","0"
"30084","真步（夏日）（用于花凛对话）","118501001","310601001","0","0","0"
"30085","碧（插班生）（用于花凛对话）","118501001","310701001","0","0","0"
"30086","克罗依（用于花凛对话）","118501001","310801001","0","0","0"
"30087","千爱瑠（用于花凛对话）","118501001","310901001","0","0","0"
"30088","优妮（用于花凛对话）","118501001","311001001","0","0","0"
"30089","镜华（万圣节）（用于花凛对话）","118501001","311101001","0","0","0"
"30090","未奏希（万圣节）（用于花凛对话）","118501001","311201001","0","0","0"
"30091","美美（万圣节）（用于花凛对话）","118501001","311301001","0","0","0"
"30092","克莉丝提娜（圣诞节）（用于花凛对话）","118501001","311501001","0","0","0"
"30093","望（圣诞节）（用于花凛对话）","118501001","311601001","0","0","0"
"30094","伊莉亚（圣诞节）（用于花凛对话）","118501001","311701001","0","0","0"
"30095","佩可莉姆（新年）（用于花凛对话）","118501001","311801001","0","0","0"
"30096","可可萝（新年）（用于花凛对话）","118501001","311901001","0","0","0"
"30097","凯露（新年）（用于花凛对话）","118501001","312001001","0","0","0"
"30098","铃莓（新年）（用于花凛对话）","118501001","312101001","0","0","0"
"30099","香澄（魔法少女）（用于花凛对话）","118501001","312201001","0","0","0"
"30100","栞（魔法少女）（用于花凛对话）","118501001","312301001","0","0","0"
"30101","铃（游骑兵）（用于花凛对话）","118501001","312701001","0","0","0"
"30102","真阳（游骑兵）（用于花凛对话）","118501001","312801001","0","0","0"
"30103","璃乃（仙境）（用于花凛对话）","118501001","312901001","0","0","0"
"30104","步美（仙境）（用于花凛对话）","118501001","313001001","0","0","0"
"30105","流夏（夏日）（用于花凛对话）","118501001","313101001","0","0","0"
"30106","杏奈（夏日）（用于花凛对话）","118501001","313201001","0","0","0"
"30107","七七香（夏日）（用于花凛对话）","118501001","313301001","0","0","0"
"30108","初音（夏日）（用于花凛对话）","118501001","313401001","0","0","0"
"30109","美里（夏日）（用于花凛对话）","118501001","313501001","0","0","0"
"30110","纯（夏日）（用于花凛对话）","118501001","313601001","0","0","0"
"30111","茜里（天使）（用于花凛对话）","118501001","313701001","0","0","0"
"30112","依里（天使）（用于花凛对话）","118501001","313801001","0","0","0"
"30113","纺希（万圣节）（用于花凛对话）","118501001","313901001","0","0","0"
"30114","怜（万圣节）（用于花凛对话）","118501001","314001001","0","0","0"
"30115","茉莉（万圣节）（用于花凛对话）","118501001","314101001","0","0","0"
"30116","莫妮卡（魔法少女）（用于花凛对话）","118501001","314201001","0","0","0"
"30117","智（魔法少女）（用于花凛对话）","118501001","314301001","0","0","0"
"30118","秋乃（圣诞节）（用于花凛对话）","118501001","314401001","0","0","0"
"30119","咲恋（圣诞节）（用于花凛对话）","118501001","314501001","0","0","0"
"30120","由加莉（圣诞节）（用于花凛对话）","118501001","314601001","0","0","0"
"30121","可可萝（礼服）（用于花凛对话）","118501001","315501001","0","0","0"
"30122","优衣（礼服）（用于花凛对话）","118501001","315601001","0","0","0"
"30123","香澄（夏日）（用于花凛对话）","118501001","315701001","0","0","0"
"30124","莉玛（灰姑娘）（用于花凛对话）","118501001","315801001","0","0","0"
"30125","真琴（灰姑娘）（用于花凛对话）","118501001","315901001","0","0","0"
"30126","真步（灰姑娘）（用于花凛对话）","118501001","316001001","0","0","0"
"30127","克罗依（圣学祭）（用于花凛对话）","118501001","316201001","0","0","0"
"30128","千爱瑠（圣学祭）（用于花凛对话）","118501001","316301001","0","0","0"
"30129","祈梨（时间旅行）（用于花凛对话）","118501001","316501001","0","0","0"
"30130","嘉夜（时间旅行）（用于花凛对话）","118501001","316601001","0","0","0"
"30131","碧（工作服）（用于花凛对话）","118501001","316701001","0","0","0"
"30132","珠希（工作服）（用于花凛对话）","118501001","316801001","0","0","0"
"30133","美冬（工作服）（用于花凛对话）","118501001","316901001","0","0","0"
"30134","惠理子（夏日）（用于花凛对话）","118501001","317001001","0","0","0"
"30135","静流（夏日）（用于花凛对话）","118501001","317101001","0","0","0"
"30136","望（夏日）（用于花凛对话）","118501001","317201001","0","0","0"
"30137","千歌（夏日）（用于花凛对话）","118501001","317301001","0","0","0"
"30138","纺希（夏日）（用于花凛对话）","118501001","317401001","0","0","0"
"30139","深月（大江户）（用于花凛对话）","118501001","317501001","0","0","0"
"30140","雪（大江户）（用于花凛对话）","118501001","317601001","0","0","0"
"30141","香织（万圣节）（用于花凛对话）","118501001","317701001","0","0","0"
"30142","妮侬（万圣节）（用于花凛对话）","118501001","317801001","0","0","0"
"30143","铃奈（万圣节）（用于花凛对话）","118501001","317901001","0","0","0"
"30144","日和莉（公主）（用于花凛对话）","118501001","380101001","0","0","0"
"30145","优衣（公主）（用于花凛对话）","118501001","380201001","0","0","0"
"30146","怜（公主）（用于花凛对话）","118501001","380301001","0","0","0"
"30147","佩可莉姆（公主）（用于花凛对话）","118501001","380401001","0","0","0"
"30148","可可萝（公主）（用于花凛对话）","118501001","380501001","0","0","0"
"30149","凯露（公主）（用于花凛对话）","118501001","380601001","0","0","0"
"30150","帆稀（用于花凛对话）","118501001","306701001","0","0","0"
"30151","伊绪（黑暗）（用于花凛对话）","118501001","319001001","0","0","0"
"30152","空花（黑暗）（用于花凛对话）","118501001","319101001","0","0","0"
"30153","宫子（圣诞节）（用于花凛对话）","118501001","319901001","0","0","0"
"30154","真阳（圣诞节）（用于花凛对话）","118501001","319201001","0","0","0"
"30155","璃乃（圣诞节）（用于花凛对话）","118501001","319301001","0","0","0"
"30156","流夏（新年）（用于花凛对话）","118501001","320801001","0","0","0"
"30157","未奏希美美镜华（用于花凛对话）","118501001","380801001","0","0","0"
"30158","雪菲（新年）（用于花凛对话）","118501001","320701001","0","0","0"
"30159","伊莉亚（新年）（用于花凛对话）","118501001","320901001","0","0","0"
"30160","佩可莉姆（超负荷）（用于花凛对话）","118501001","321001001","0","0","0"
"30161","菈比莉斯塔（超负荷）（用于花凛对话）","118501001","321201001","0","0","0"
"30162","优妮（圣学祭）（用于花凛对话）","118501001","316401001","0","0","0"
"30163","凯露（超负荷）（用于花凛对话）","118501001","321101001","0","0","0"
"30164","胡桃（舞台）（用于花凛对话）","118501001","321301001","0","0","0"
"30165","美咲（舞台）（用于花凛对话）","118501001","321401001","0","0","0"
"30166","步美（怪盗）（用于花凛对话）","118501001","321501001","0","0","0"
"30167","祈梨（怪盗）（用于花凛对话）","118501001","321601001","0","0","0"
"30168","忍（海盗）（用于花凛对话）","118501001","322001001","0","0","0"
"30169","杏奈（海盗）（用于花凛对话）","118501001","321901001","0","0","0"
"30170","碧（露营）（用于花凛对话）","118501001","322101001","0","0","0"
"30171","由加莉（露营）（用于花凛对话）","118501001","322201001","0","0","0"
"30172","怜（夏日）（用于花凛对话）","118501001","322501001","0","0","0"
"30173","日和莉（夏日）（用于花凛对话）","118501001","322401001","0","0","0"
"30174","优衣（夏日）（用于花凛对话）","118501001","322601001","0","0","0"
"30175","未奏希（夏日）（用于花凛对话）","118501001","322801001","0","0","0"
"30176","美美（夏日）（用于花凛对话）","118501001","322901001","0","0","0"
"30177","镜华（夏日）（用于花凛对话）","118501001","322701001","0","0","0"
"30178","真步（探索者）（用于花凛对话）","118501001","323101001","0","0","0"
"30179","绫音（探索者）（用于花凛对话）","118501001","323201001","0","0","0"
"30180","涅亚（用于花凛对话）","118501001","323301001","0","0","0"
"30181","智（万圣节））（用于花凛对话）","118501001","323601001","0","0","0"
"30182","铃（万圣节）（用于花凛对话）","118501001","323501001","0","0","0"
"30183","七七香（万圣节）（用于花凛对话）","118501001","323701001","0","0","0"
"30184","克莉丝提娜（狂野）（用于花凛对话）","118501001","323801001","0","0","0"
"30185","茉莉（狂野）（用于花凛对话）","118501001","323901001","0","0","0"
"30186","茜里（圣诞节）（用于花凛对话）","118501001","324001001","0","0","0"
"30187","依里（圣诞节）（用于花凛对话）","118501001","324101001","0","0","0"
"30188","纯（圣诞节）（用于花凛对话）","118501001","324201001","0","0","0"
"30189","深月（新年）（用于花凛对话）","118501001","324701001","0","0","0"
"30190","美里（新年）（用于花凛对话）","118501001","324601001","0","0","0"
"30191","帆稀（新年）（用于花凛对话）","118501001","324501001","0","0","0"
"30192","嘉夜（解放者）（用于花凛对话）","118501001","324901001","0","0","0"
"30193","望（解放者）（用于花凛对话）","118501001","324801001","0","0","0"
"30194","矛依未（解放者）（用于花凛对话）","118501001","325001001","0","0","0"
"30195","珠希（咖啡厅）（用于花凛对话）","118501001","325101001","0","0","0"
"30196","莫妮卡（咖啡厅）（用于花凛对话）","118501001","325201001","0","0","0"
"30197","静流（黑暗）（用于花凛对话）","118501001","320001001","0","0","0"
"30198","可可萝（游骑兵）（用于花凛对话）","118501001","325301001","0","0","0"
"30199","栞（游骑兵）（用于花凛对话）","118501001","325401001","0","0","0"
"30200","莉莉（堕天使）（用于花凛对话）","118501001","325801001","0","0","0"
"30201","伊莉亚（礼服）（用于花凛对话）","118501001","326201001","0","0","0"
"30202","雪（礼服）（用于花凛对话）","118501001","326301001","0","0","0"
"30203","秋乃（夏日）（用于花凛对话）","118501001","326701001","0","0","0"
"30204","由加莉（夏日）（用于花凛对话）","118501001","326801001","0","0","0"
"30205","空花（夏日）（用于花凛对话）","118501001","327001001","0","0","0"
"30206","忍（夏日）（用于花凛对话）","118501001","327101001","0","0","0"
"30207","凯露（插班生）（用于花凛对话）","118501001","327201001","0","0","0"
"30208","铃奈（插班生）（用于花凛对话）","118501001","327301001","0","0","0"